document1=> 1.0000   0.7504   0.7263   0.6649   0.6790   0.6595   0.5490   0.7762   0.7150   0.6239   
document2=> 0.7504   1.0000   0.8283   0.8121   0.6900   0.7598   0.5740   0.8353   0.5924   0.4716   
document3=> 0.7263   0.8283   1.0000   0.7711   0.6692   0.7004   0.5200   0.7996   0.6148   0.4737   
document4=> 0.6649   0.8121   0.7711   1.0000   0.6022   0.6643   0.4905   0.7036   0.5276   0.4038   
document5=> 0.6790   0.6900   0.6692   0.6022   1.0000   0.6370   0.5446   0.7244   0.6742   0.5705   
document6=> 0.6595   0.7598   0.7004   0.6643   0.6370   1.0000   0.5150   0.7233   0.5733   0.4427   
document7=> 0.5490   0.5740   0.5200   0.4905   0.5446   0.5150   1.0000   0.5638   0.4760   0.4422   
document8=> 0.7762   0.8353   0.7996   0.7036   0.7244   0.7233   0.5638   1.0000   0.7238   0.5864   
document9=> 0.7150   0.5924   0.6148   0.5276   0.6742   0.5733   0.4760   0.7238   1.0000   0.7482   
document10=> 0.6239   0.4716   0.4737   0.4038   0.5705   0.4427   0.4422   0.5864   0.7482   1.0000   
